-1
-1
チャマのねがい
0
0

2
5
じゃ、やくそくのねがい、かなえてちょうだい？
1
0

2
5
ったく、わーったよ
2
0

2
5
んで、アンタのねがいは、たしか...
2
0

2
5
「みんなとずっといっしょにいたい」よ
1
0

2
5
ふん、くだらねー
2
0

2
5
そんなら、もうかなってるじゃねーか
2
0

2
5
シロナとリンドル、もう　いっしょにすごせてるじゃねーか
2
0

2
5
あら、みんなっていうのは
1
0

2
5
ファイちゃん、エメちゃん、メルビィちゃんもいっしょよ
1
0

2
5
えっ？
2
0

2
5
アタシ、きいたことがあるの
1
1

2
5
「ねがいのいし」のせいれいは、ねがいをかなえたら　いしにもどっちゃうの
1
1

2
5
それって、とってもかわいそうじゃない？
1
1

2
0
たしかに、かわいそうかも...
2
1

2
1
ファイもエメも　いしになっちゃったもんね...
2
1

2
1
だから、それももう　おしまい！
1
1

2
1
これからは、ずーっとアタシたちといっしょよ！
1
1

2
1
みんなともだちよ！
1
1

2
1
チャマ...
2
1

2
5
...
2
1

2
5
おれサマ、いしにもどらなくて　いいのか？
2
1

2
5
ええ、もちろん！
1
1

2
5
そうか...
2
1

2
5
おれサマ、いしにもどるのがいやで...
2
1

2
5
アンタがねがいをかなえないように、イジワルしてたんだ
2
1

2
5
そうだったのね...
1
1

2
5
でも、もうだいじょうぶよ
1
1

2
5
アタシたちが、ずーっとそばにいてあげるわ
1
1

2
5
チャマ...
2
1

2
5
ありがとな...
2
1

2
5
ふふっ、すなおでいいこね
1
1

0
5
ということは、ファイも　ずっといっしょ？
1
1

0
5
そーゆーことになるな
2
1

0
5
いし、かしてみな
2
1

0
5
えっ？
1
1

0
5
リンドル、アンタもだぜ
2
1

1
5
わわっ！？
1
1

1
5
せいれいのまほう、みんなともだち！
2
1

3
4
...
1
1

3
4
あれ？　でられてる...
1
1

3
4
どうなってるみゃ？
2
1

0
3
ファイ！　おかえり！
1
1

0
3
これからも、ずっといっしょだね！
1
1

0
3
なんだかよくわからないけど、そうみたいね
2
1

0
3
これからも、よろしくね
2
1

1
4
エメも、いっしょにいてくれるの？
1
1

1
4
ふみゃ？　あたいは　いしのままでもよかったけど...
2
1

1
4
ま、これからもよろしくみゃ
2
1

2
5
ふふっ、これからもーっと　にぎやかになりそうねぇ
1
1

2
5
こりゃ、イタズラしがいがあるぜ！
2
1

2
5
あらあら、うふふ
1
1

2
5
やりすぎると、またおどかしちゃうわよ？
1
1

2
5
ひぃっ！？
2
1