-1
-1
ゆきのせいれいのほんき
0
0

0
2
ってことがあったの
2
0

0
2
なるほど、チャマも　おいかけっこしてたんだね
1
0

0
2
わたしも　てつだう！
1
0

0
2
ほんと！？　ありがとう！
2
0

0
2
でも、メルビィちゃん　けっこうてごわいわよ？
2
0

0
5
だから　ちゃんづけするな！
2
0

0
5
うわっ、いた！
1
0

0
5
あのリスだね？
1
0

0
2
ええ、そうよ
2
0

0
5
なんだ、もう　だっしゅつできたのか
2
0

0
5
おねがい　チャマを　いじめないで！
1
0

0
5
いじめる？　ちがうな
2
0

0
5
おれサマは　ただ、あそんでるだけだぜ
2
0

0
5
なっ...
1
0

0
5
それに　ねがいを　かなえてほしけりゃ
2
0

0
5
おれサマを　つかまえてからにするんだな！
2
0

0
5
...
1
0

0
5
わかった、もう　てかげんはしない
1
0

0
2
シロナ？
2
0

0
2
せいちょうした　わたしのまほう、くらってみてよ！
1
0

0
5
ゆきうさぎの　シロナか...
2
0

0
5
アンタはたしか、「ゆきのせいれい」だったな
2
0

0
5
ごちゃごちゃうるさい！
1
0

0
5
くらえ！　せいれいのまほう、ふぶき！
1
0

0
5
こおるのは、アンタらのほうだぜ
2
0

0
5
なっ！？
1
0

0
5
おっきい、ほうせき！？
1
0

0
2
にげて！　そのほうせきは　まほうをはねかえすわ！
2
0

0
2
えっ！？
1
0

0
2
だめ！　まにあわな...
1
0

0
2
...
0
0

0
2
......
0
0

-1
5
ふん、ビビらせやがって
2
0

-1
5
「いしのせいれい」の　おれサマに　まほうがきくとおもうなよ？
2
0