-1
-1
リンドルの　ねがいごと
0
0

0
2
...
0
0

1
-1
なに...これ...
1
0

1
-1
シロナとチャマが　カチコチにこおってる！？
1
0

1
4
な？　いっただろ？
2
0

1
4
チャマがたいへんなことになってるって
2
0

1
4
チャマだけじゃなく、シロナまで　こんなになってるなんて...
1
0

1
4
おねがい！　ふたりをたすけて！
1
0

1
4
わかったみゃ
2
0

1
4
せいれいのまほう、なつのおもいで！
2
0

1
4
あれ？　なんだか、あたたかくなってきたような...
1
0

1
4
あたいのまほうみゃ
2
0

1
4
なつの　あたたかいけしきを　みせてるんだみゃ
2
0

1
4
きおんも　あたたかくなってるみゃ
2
0

1
4
なるほど、これなら　こおりがとけてくれる！
1
0

0
2
ん...　あれ？
1
0

0
2
からだが　かるいわ！
2
0

1
4
やった！　たすけられた！
1
0

1
4
ふふふ、そのかおがみたかったみゃ
2
0

1
4
たすけたともだち、だいじにするみゃ
2
0

1
-1
エメ？
1
0

1
-1
いしに　もどっちゃった...
1
0

1
-1
ねがい、かなえちゃったからかなぁ...
1
0

0
1
リンドルがたすけてくれたの？
1
1

0
1
うん、まぁ...
2
1

0
1
「ねがいのいし」の　せいれいさんに　おねがいしたんだ
2
1

2
1
まぁ！　リンドルも　アタシのために　ねがいをつかってくれたの！？
1
1

2
1
うん、だってふたりとも　たいせつなともだちだもん！
2
1

0
1
リンドル...
1
1

0
1
うん！　ありがと！
1
1

0
1
それで、どうしてこんなことに？
2
1

2
1
あかい「ねがいのいし」のせいれいのしわざよ
1
1

2
1
おとしあなにおとしたり、まほうをはねかえしたり...
1
1

0
1
わたしのまほうも　はねかえされちゃったから　たいへんなめにあったわ
1
1

0
1
そうだったんだ...
2
1

0
1
それなら、いいほうほうがあるよ！
2
1

0
1
えっ、ほんと！？　おしえて！！
1
1

0
1
それはね...
2
1