-1
-1
ねがいのいし　はじまり
0
0

0
1
チャマがみせたいものって、なんだろ？
1
0

0
1
ぼくもわかんない
2
0

0
1
でも、きっとステキなものだよ
2
0

0
1
ステキなもの、かぁ...
1
0

0
2
みんな、おまたせー
2
0

0
2
あっ、チャマきた！
1
0

1
2
それで、みせたいものって、なぁに？
1
0

1
2
うふふ、これよ！
1
0

0
2
わぁ、きれいないし！
1
0

1
2
あかいのと、あおいのと、みどりいろのいしだね
1
0

1
2
どこでみつけたの？
1
0

1
2
むこうのもりで、みつけたの
2
0

1
2
そういえば、こんないいつたえがあるのよ
2
0

0
2
いいつたえ？　それって、どんなの？
1
0

0
2
いしにねがいごとをいうと、ねがいがかなう
2
0

0
2
「ねがいのいし」の、いいつたえよ
2
0

1
2
これが、その「ねがいのいし」ってこと？
1
0

1
2
たぶん、そうだとおもうわ
2
0

1
2
ねぇ、せっかくだから、みんなでねがいごと、いってみない？
2
0

1
2
いしは３つあるから、ちょうどいいわ
2
0

0
2
いいね！おもしろそう！
2
0

0
1
ぼくも、やってみたいな
2
0

0
2
うふふ、きまりね
2
0

0
2
それじゃ、すきないろのいしをとってね
2
0

0
2
わかった！
1
0

0
2
それじゃあ、わたしは、あおいいし！
1
0

0
1
じゃあ、ぼくは、みどりのいしにしようかな
2
0

0
2
うふふ、それじゃアタシは、のこったあかいいしにするわ
2
0

0
2
えーっと、これでねがいごとをいえばいいんだよね？
1
0

0
1
いいつたえがほんとうなら、そうだね
2
0

0
1
リンドル、もしかして、しんじてない？
1
0

0
1
そ、そんなことはないよ
2
0

0
1
もしもほんとうだったら、ステキだなっておもうよ
2
0

0
1
ステキ、かぁ...
1
0

0
1
そうだね、ステキだね！
1
0

0
1
...
0
0

0
1
誰かの声がする...
0
0

0
1
もうすぐ出られるのね...
0
0

0
1
あれ？
1
0

0
1
リンドル、なにかいった？
1
0

0
1
いや、なにもいってないよ？
2
0

0
1
きのせい、かなぁ
1
0

0
1
ま、いっか！
1
0